1.000000
0.999722
0.999444
0.999167
0.998889
0.998611
0.998333
0.998056
0.997778
0.997500
0.997222
0.996944
0.996667
0.996389
0.996111
0.995833
0.995556
0.995278
0.995000
0.994722
0.994444
0.994167
0.993889
0.993611
0.993333
0.993056
0.992778
0.992500
0.992222
0.991944
0.991667
0.991389
0.991111
0.990833
0.990556
0.990278
0.990000
0.989722
0.989444
0.989167
0.988889
0.988611
0.988333
0.988056
0.987778
0.987500
0.987222
0.986944
0.986667
0.986389
0.986111
0.985833
0.985556
0.985278
0.985000
0.984722
0.984444
0.984167
0.983889
0.983611
0.983333
0.983056
0.982778
0.982500
0.982222
0.981944
0.981667
0.981389
0.981111
0.980833
0.980556
0.980278
0.980000
0.979722
0.979444
0.979167
0.978889
0.978611
0.978333
0.978056
0.977778
0.977500
0.977222
0.976944
0.976667
0.976389
0.976111
0.975833
0.975556
0.975278
0.975000
0.974722
0.974444
0.974167
0.973889
0.973611
0.973333
0.973056
0.972778
0.972500
0.972222
0.971944
0.971667
0.971389
0.971111
0.970833
0.970556
0.970278
0.970000
0.969722
0.969444
0.969167
0.968889
0.968611
0.968333
0.968056
0.967778
0.967500
0.967222
0.966944
0.966667
0.966389
0.966111
0.965833
0.965556
0.965278
0.965000
0.964722
0.964444
0.964167
0.963889
0.963611
0.963333
0.963056
0.962778
0.962500
0.962222
0.961944
0.961667
0.961389
0.961111
0.960833
0.960556
0.960278
0.960000
0.959722
0.959444
0.959167
0.958889
0.958611
0.958333
0.958056
0.957778
0.957500
0.957222
0.956944
0.956667
0.956389
0.956111
0.955833
0.955556
0.955278
0.955000
0.954722
0.954444
0.954167
0.953889
0.953611
0.953333
0.953056
0.952778
0.952500
0.952222
0.951944
0.951667
0.951389
0.951111
0.950833
0.950556
0.950278
0.950000
0.949722
0.949444
0.949167
0.948889
0.948611
0.948333
0.948056
0.947778
0.947500
0.947222
0.946944
0.946667
0.946389
0.946111
0.945833
0.945556
0.945278
0.945000
0.944722
0.944444
0.944167
0.943889
0.943611
0.943333
0.943056
0.942778
0.942500
0.942222
0.941944
0.941667
0.941389
0.941111
0.940833
0.940556
0.940278
0.940000
0.939722
0.939444
0.939167
0.938889
0.938611
0.938333
0.938056
0.937778
0.937500
0.937222
0.936944
0.936667
0.936389
0.936111
0.935833
0.935556
0.935278
0.935000
0.934722
0.934444
0.934167
0.933889
0.933611
0.933333
0.933056
0.932778
0.932500
0.932222
0.931944
0.931667
0.931389
0.931111
0.930833
0.930556
0.930278
0.930000
0.929722
0.929444
0.929167
0.928889
0.928611
0.928333
0.928056
0.927778
0.927500
0.927222
0.926944
0.926667
0.926389
0.926111
0.925833
0.925556
0.925278
0.925000
0.924722
0.924444
0.924167
0.923889
0.923611
0.923333
0.923056
0.922778
0.922500
0.922222
0.921944
0.921667
0.921389
0.921111
0.920833
0.920556
0.920278
0.920000
0.919722
0.919444
0.919167
0.918889
0.918611
0.918333
0.918056
0.917778
0.917500
0.917222
0.916944
0.916667
0.916389
0.916111
0.915833
0.915556
0.915278
0.915000
0.914722
0.914444
0.914167
0.913889
0.913611
0.913333
0.913056
0.912778
0.912500
0.912222
0.911944
0.911667
0.911389
0.911111
0.910833
0.910556
0.910278
0.910000
0.909722
0.909444
0.909167
0.908889
0.908611
0.908333
0.908056
0.907778
0.907500
0.907222
0.906944
0.906667
0.906389
0.906111
0.905833
0.905556
0.905278
0.905000
0.904722
0.904444
0.904167
0.903889
0.903611
0.903333
0.903056
0.902778
0.902500
0.902222
0.901944
0.901667
0.901389
0.901111
0.900833
0.900556
0.900278
0.900000
0.899722
0.899444
0.899167
0.898889
0.898611
0.898333
0.898056
0.897778
0.897500
0.897222
0.896944
0.896667
0.896389
0.896111
0.895833
0.895556
0.895278
0.895000
0.894722
0.894444
0.894167
0.893889
0.893611
0.893333
0.893056
0.892778
0.892500
0.892222
0.891944
0.891667
0.891389
0.891111
0.890833
0.890556
0.890278
0.890000
0.889722
0.889444
0.889167
0.888889
0.888611
0.888333
0.888056
0.887778
0.887500
0.887222
0.886944
0.886667
0.886389
0.886111
0.885833
0.885556
0.885278
0.885000
0.884722
0.884444
0.884167
0.883889
0.883611
0.883333
0.883056
0.882778
0.882500
0.882222
0.881944
0.881667
0.881389
0.881111
0.880833
0.880556
0.880278
0.880000
0.879722
0.879444
0.879167
0.878889
0.878611
0.878333
0.878056
0.877778
0.877500
0.877222
0.876944
0.876667
0.876389
0.876111
0.875833
0.875556
0.875278
0.875000
0.874722
0.874444
0.874167
0.873889
0.873611
0.873333
0.873056
0.872778
0.872500
0.872222
0.871944
0.871667
0.871389
0.871111
0.870833
0.870556
0.870278
0.870000
0.869722
0.869444
0.869167
0.868889
0.868611
0.868333
0.868056
0.867778
0.867500
0.867222
0.866944
0.866667
0.866389
0.866111
0.865833
0.865556
0.865278
0.865000
0.864722
0.864444
0.864167
0.863889
0.863611
0.863333
0.863056
0.862778
0.862500
0.862222
0.861944
0.861667
0.861389
0.861111
0.860833
0.860556
0.860278
0.860000
0.859722
0.859444
0.859167
0.858889
0.858611
0.858333
0.858056
0.857778
0.857500
0.857222
0.856944
0.856667
0.856389
0.856111
0.855833
0.855556
0.855278
0.855000
0.854722
0.854444
0.854167
0.853889
0.853611
0.853333
0.853056
0.852778
0.852500
0.852222
0.851944
0.851667
0.851389
0.851111
0.850833
0.850556
0.850278
0.850000
0.849722
0.849444
0.849167
0.848889
0.848611
0.848333
0.848056
0.847778
0.847500
0.847222
0.846944
0.846667
0.846389
0.846111
0.845833
0.845556
0.845278
0.845000
0.844722
0.844444
0.844167
0.843889
0.843611
0.843333
0.843056
0.842778
0.842500
0.842222
0.841944
0.841667
0.841389
0.841111
0.840833
0.840556
0.840278
0.840000
0.839722
0.839444
0.839167
0.838889
0.838611
0.838333
0.838056
0.837778
0.837500
0.837222
0.836944
0.836667
0.836389
0.836111
0.835833
0.835556
0.835278
0.835000
0.834722
0.834444
0.834167
0.833889
0.833611
0.833333
0.833056
0.832778
0.832500
0.832222
0.831944
0.831667
0.831389
0.831111
0.830833
0.830556
0.830278
0.830000
0.829722
0.829444
0.829167
0.828889
0.828611
0.828333
0.828056
0.827778
0.827500
0.827222
0.826944
0.826667
0.826389
0.826111
0.825833
0.825556
0.825278
0.825000
0.824722
0.824444
0.824167
0.823889
0.823611
0.823333
0.823056
0.822778
0.822500
0.822222
0.821944
0.821667
0.821389
0.821111
0.820833
0.820556
0.820278
0.820000
0.819722
0.819444
0.819167
0.818889
0.818611
0.818333
0.818056
0.817778
0.817500
0.817222
0.816944
0.816667
0.816389
0.816111
0.815833
0.815556
0.815278
0.815000
0.814722
0.814444
0.814167
0.813889
0.813611
0.813333
0.813056
0.812778
0.812500
0.812222
0.811944
0.811667
0.811389
0.811111
0.810833
0.810556
0.810278
0.810000
0.809722
0.809444
0.809167
0.808889
0.808611
0.808333
0.808056
0.807778
0.807500
0.807222
0.806944
0.806667
0.806389
0.806111
0.805833
0.805556
0.805278
0.805000
0.804722
0.804444
0.804167
0.803889
0.803611
0.803333
0.803056
0.802778
0.802500
0.802222
0.801944
0.801667
0.801389
0.801111
0.800833
0.800556
0.800278
0.800000
0.799722
0.799444
0.799167
0.798889
0.798611
0.798333
0.798056
0.797778
0.797500
0.797222
0.796944
0.796667
0.796389
0.796111
0.795833
0.795556
0.795278
0.795000
0.794722
0.794444
0.794167
0.793889
0.793611
0.793333
0.793056
0.792778
0.792500
0.792222
0.791944
0.791667
0.791389
0.791111
0.790833
0.790556
0.790278
0.790000
0.789722
0.789444
0.789167
0.788889
0.788611
0.788333
0.788056
0.787778
0.787500
0.787222
0.786944
0.786667
0.786389
0.786111
0.785833
0.785556
0.785278
0.785000
0.784722
0.784444
0.784167
0.783889
0.783611
0.783333
0.783056
0.782778
0.782500
0.782222
0.781944
0.781667
0.781389
0.781111
0.780833
0.780556
0.780278
0.780000
0.779722
0.779444
0.779167
0.778889
0.778611
0.778333
0.778056
0.777778
0.777500
0.777222
0.776944
0.776667
0.776389
0.776111
0.775833
0.775556
0.775278
0.775000
0.774722
0.774444
0.774167
0.773889
0.773611
0.773333
0.773056
0.772778
0.772500
0.772222
0.771944
0.771667
0.771389
0.771111
0.770833
0.770556
0.770278
0.770000
0.769722
0.769444
0.769167
0.768889
0.768611
0.768333
0.768056
0.767778
0.767500
0.767222
0.766944
0.766667
0.766389
0.766111
0.765833
0.765556
0.765278
0.765000
0.764722
0.764444
0.764167
0.763889
0.763611
0.763333
0.763056
0.762778
0.762500
0.762222
0.761944
0.761667
0.761389
0.761111
0.760833
0.760556
0.760278
0.760000
0.759722
0.759444
0.759167
0.758889
0.758611
0.758333
0.758056
0.757778
0.757500
0.757222
0.756944
0.756667
0.756389
0.756111
0.755833
0.755556
0.755278
0.755000
0.754722
0.754444
0.754167
0.753889
0.753611
0.753333
0.753056
0.752778
0.752500
0.752222
0.751944
0.751667
0.751389
0.751111
0.750833
0.750556
0.750278
0.750000
0.749722
0.749444
0.749167
0.748889
0.748611
0.748333
0.748056
0.747778
0.747500
0.747222
0.746944
0.746667
0.746389
0.746111
0.745833
0.745556
0.745278
0.745000
0.744722
0.744444
0.744167
0.743889
0.743611
0.743333
0.743056
0.742778
0.742500
0.742222
0.741944
0.741667
0.741389
0.741111
0.740833
0.740556
0.740278
0.740000
0.739722
0.739444
0.739167
0.738889
0.738611
0.738333
0.738056
0.737778
0.737500
0.737222
0.736944
0.736667
0.736389
0.736111
0.735833
0.735556
0.735278
0.735000
0.734722
0.734444
0.734167
0.733889
0.733611
0.733333
0.733056
0.732778
0.732500
0.732222
0.731944
0.731667
0.731389
0.731111
0.730833
0.730556
0.730278
0.730000
0.729722
0.729444
0.729167
0.728889
0.728611
0.728333
0.728056
0.727778
0.727500
0.727222
0.726944
0.726667
0.726389
0.726111
0.725833
0.725556
0.725278
0.725000
0.724722
0.724444
0.724167
0.723889
0.723611
0.723333
0.723056
0.722778
0.722500
0.722222
0.721944
0.721667
0.721389
0.721111
0.720833
0.720556
0.720278
0.720000
0.719722
0.719444
0.719167
0.718889
0.718611
0.718333
0.718056
0.717778
0.717500
0.717222
0.716944
0.716667
0.716389
0.716111
0.715833
0.715556
0.715278
0.715000
0.714722
0.714444
0.714167
0.713889
0.713611
0.713333
0.713056
0.712778
0.712500
0.712222
0.711944
0.711667
0.711389
0.711111
0.710833
0.710556
0.710278
0.710000
0.709722
0.709444
0.709167
0.708889
0.708611
0.708333
0.708056
0.707778
0.707500
0.707222
0.706944
0.706667
0.706389
0.706111
0.705833
0.705556
0.705278
0.705000
0.704722
0.704444
0.704167
0.703889
0.703611
0.703333
0.703056
0.702778
0.702500
0.702222
0.701944
0.701667
0.701389
0.701111
0.700833
0.700556
0.700278
0.700000
0.699722
0.699444
0.699167
0.698889
0.698611
0.698333
0.698056
0.697778
0.697500
0.697222
0.696944
0.696667
0.696389
0.696111
0.695833
0.695556
0.695278
0.695000
0.694722
0.694444
0.694167
0.693889
0.693611
0.693333
0.693056
0.692778
0.692500
0.692222
0.691944
0.691667
0.691389
0.691111
0.690833
0.690556
0.690278
0.690000
0.689722
0.689444
0.689167
0.688889
0.688611
0.688333
0.688056
0.687778
0.687500
0.687222
0.686944
0.686667
0.686389
0.686111
0.685833
0.685556
0.685278
0.685000
0.684722
0.684444
0.684167
0.683889
0.683611
0.683333
0.683056
0.682778
0.682500
0.682222
0.681944
0.681667
0.681389
0.681111
0.680833
0.680556
0.680278
0.680000
0.679722
0.679444
0.679167
0.678889
0.678611
0.678333
0.678056
0.677778
0.677500
0.677222
0.676944
0.676667
0.676389
0.676111
0.675833
0.675556
0.675278
0.675000
0.674722
0.674444
0.674167
0.673889
0.673611
0.673333
0.673056
0.672778
0.672500
0.672222
0.671944
0.671667
0.671389
0.671111
0.670833
0.670556
0.670278
0.670000
0.669722
0.669444
0.669167
0.668889
0.668611
0.668333
0.668056
0.667778
0.667500
0.667222
0.666944
0.666667
0.666389
0.666111
0.665833
0.665556
0.665278
0.665000
0.664722
0.664444
0.664167
0.663889
0.663611
0.663333
0.663056
0.662778
0.662500
0.662222
0.661944
0.661667
0.661389
0.661111
0.660833
0.660556
0.660278
0.660000
0.659722
0.659444
0.659167
0.658889
0.658611
0.658333
0.658056
0.657778
0.657500
0.657222
0.656944
0.656667
0.656389
0.656111
0.655833
0.655556
0.655278
0.655000
0.654722
0.654444
0.654167
0.653889
0.653611
0.653333
0.653056
0.652778
0.652500
0.652222
0.651944
0.651667
0.651389
0.651111
0.650833
0.650556
0.650278
0.650000
0.649722
0.649444
0.649167
0.648889
0.648611
0.648333
0.648056
0.647778
0.647500
0.647222
0.646944
0.646667
0.646389
0.646111
0.645833
0.645556
0.645278
0.645000
0.644722
0.644444
0.644167
0.643889
0.643611
0.643333
0.643056
0.642778
0.642500
0.642222
0.641944
0.641667
0.641389
0.641111
0.640833
0.640556
0.640278
0.640000
0.639722
0.639444
0.639167
0.638889
0.638611
0.638333
0.638056
0.637778
0.637500
0.637222
0.636944
0.636667
0.636389
0.636111
0.635833
0.635556
0.635278
0.635000
0.634722
0.634444
0.634167
0.633889
0.633611
0.633333
0.633056
0.632778
0.632500
0.632222
0.631944
0.631667
0.631389
0.631111
0.630833
0.630556
0.630278
0.630000
0.629722
0.629444
0.629167
0.628889
0.628611
0.628333
0.628056
0.627778
0.627500
0.627222
0.626944
0.626667
0.626389
0.626111
0.625833
0.625556
0.625278
0.625000
0.624722
0.624444
0.624167
0.623889
0.623611
0.623333
0.623056
0.622778
0.622500
0.622222
0.621944
0.621667
0.621389
0.621111
0.620833
0.620556
0.620278
0.620000
0.619722
0.619444
0.619167
0.618889
0.618611
0.618333
0.618056
0.617778
0.617500
0.617222
0.616944
0.616667
0.616389
0.616111
0.615833
0.615556
0.615278
0.615000
0.614722
0.614444
0.614167
0.613889
0.613611
0.613333
0.613056
0.612778
0.612500
0.612222
0.611944
0.611667
0.611389
0.611111
0.610833
0.610556
0.610278
0.610000
0.609722
0.609444
0.609167
0.608889
0.608611
0.608333
0.608056
0.607778
0.607500
0.607222
0.606944
0.606667
0.606389
0.606111
0.605833
0.605556
0.605278
0.605000
0.604722
0.604444
0.604167
0.603889
0.603611
0.603333
0.603056
0.602778
0.602500
0.602222
0.601944
0.601667
0.601389
0.601111
0.600833
0.600556
0.600278
0.600000
0.599722
0.599444
0.599167
0.598889
0.598611
0.598333
0.598056
0.597778
0.597500
0.597222
0.596944
0.596667
0.596389
0.596111
0.595833
0.595556
0.595278
0.595000
0.594722
0.594444
0.594167
0.593889
0.593611
0.593333
0.593056
0.592778
0.592500
0.592222
0.591944
0.591667
0.591389
0.591111
0.590833
0.590556
0.590278
0.590000
0.589722
0.589444
0.589167
0.588889
0.588611
0.588333
0.588056
0.587778
0.587500
0.587222
0.586944
0.586667
0.586389
0.586111
0.585833
0.585556
0.585278
0.585000
0.584722
0.584444
0.584167
0.583889
0.583611
0.583333
0.583056
0.582778
0.582500
0.582222
0.581944
0.581667
0.581389
0.581111
0.580833
0.580556
0.580278
0.580000
0.579722
0.579444
0.579167
0.578889
0.578611
0.578333
0.578056
0.577778
0.577500
0.577222
0.576944
0.576667
0.576389
0.576111
0.575833
0.575556
0.575278
0.575000
0.574722
0.574444
0.574167
0.573889
0.573611
0.573333
0.573056
0.572778
0.572500
0.572222
0.571944
0.571667
0.571389
0.571111
0.570833
0.570556
0.570278
0.570000
0.569722
0.569444
0.569167
0.568889
0.568611
0.568333
0.568056
0.567778
0.567500
0.567222
0.566944
0.566667
0.566389
0.566111
0.565833
0.565556
0.565278
0.565000
0.564722
0.564444
0.564167
0.563889
0.563611
0.563333
0.563056
0.562778
0.562500
0.562222
0.561944
0.561667
0.561389
0.561111
0.560833
0.560556
0.560278
0.560000
0.559722
0.559444
0.559167
0.558889
0.558611
0.558333
0.558056
0.557778
0.557500
0.557222
0.556944
0.556667
0.556389
0.556111
0.555833
0.555556
0.555278
0.555000
0.554722
0.554444
0.554167
0.553889
0.553611
0.553333
0.553056
0.552778
0.552500
0.552222
0.551944
0.551667
0.551389
0.551111
0.550833
0.550556
0.550278
0.550000
0.549722
0.549444
0.549167
0.548889
0.548611
0.548333
0.548056
0.547778
0.547500
0.547222
0.546944
0.546667
0.546389
0.546111
0.545833
0.545556
0.545278
0.545000
0.544722
0.544444
0.544167
0.543889
0.543611
0.543333
0.543056
0.542778
0.542500
0.542222
0.541944
0.541667
0.541389
0.541111
0.540833
0.540556
0.540278
0.540000
0.539722
0.539444
0.539167
0.538889
0.538611
0.538333
0.538056
0.537778
0.537500
0.537222
0.536944
0.536667
0.536389
0.536111
0.535833
0.535556
0.535278
0.535000
0.534722
0.534444
0.534167
0.533889
0.533611
0.533333
0.533056
0.532778
0.532500
0.532222
0.531944
0.531667
0.531389
0.531111
0.530833
0.530556
0.530278
0.530000
0.529722
0.529444
0.529167
0.528889
0.528611
0.528333
0.528056
0.527778
0.527500
0.527222
0.526944
0.526667
0.526389
0.526111
0.525833
0.525556
0.525278
0.525000
0.524722
0.524444
0.524167
0.523889
0.523611
0.523333
0.523056
0.522778
0.522500
0.522222
0.521944
0.521667
0.521389
0.521111
0.520833
0.520556
0.520278
0.520000
0.519722
0.519444
0.519167
0.518889
0.518611
0.518333
0.518056
0.517778
0.517500
0.517222
0.516944
0.516667
0.516389
0.516111
0.515833
0.515556
0.515278
0.515000
0.514722
0.514444
0.514167
0.513889
0.513611
0.513333
0.513056
0.512778
0.512500
0.512222
0.511944
0.511667
0.511389
0.511111
0.510833
0.510556
0.510278
0.510000
0.509722
0.509444
0.509167
0.508889
0.508611
0.508333
0.508056
0.507778
0.507500
0.507222
0.506944
0.506667
0.506389
0.506111
0.505833
0.505556
0.505278
0.505000
0.504722
0.504444
0.504167
0.503889
0.503611
0.503333
0.503056
0.502778
0.502500
0.502222
0.501944
0.501667
0.501389
0.501111
0.500833
0.500556
0.500278
0.500000
0.499722
0.499444
0.499167
0.498889
0.498611
0.498333
0.498056
0.497778
0.497500
0.497222
0.496944
0.496667
0.496389
0.496111
0.495833
0.495556
0.495278
0.495000
0.494722
0.494444
0.494167
0.493889
0.493611
0.493333
0.493056
0.492778
0.492500
0.492222
0.491944
0.491667
0.491389
0.491111
0.490833
0.490556
0.490278
0.490000
0.489722
0.489444
0.489167
0.488889
0.488611
0.488333
0.488056
0.487778
0.487500
0.487222
0.486944
0.486667
0.486389
0.486111
0.485833
0.485556
0.485278
0.485000
0.484722
0.484444
0.484167
0.483889
0.483611
0.483333
0.483056
0.482778
0.482500
0.482222
0.481944
0.481667
0.481389
0.481111
0.480833
0.480556
0.480278
0.480000
0.479722
0.479444
0.479167
0.478889
0.478611
0.478333
0.478056
0.477778
0.477500
0.477222
0.476944
0.476667
0.476389
0.476111
0.475833
0.475556
0.475278
0.475000
0.474722
0.474444
0.474167
0.473889
0.473611
0.473333
0.473056
0.472778
0.472500
0.472222
0.471944
0.471667
0.471389
0.471111
0.470833
0.470556
0.470278
0.470000
0.469722
0.469444
0.469167
0.468889
0.468611
0.468333
0.468056
0.467778
0.467500
0.467222
0.466944
0.466667
0.466389
0.466111
0.465833
0.465556
0.465278
0.465000
0.464722
0.464444
0.464167
0.463889
0.463611
0.463333
0.463056
0.462778
0.462500
0.462222
0.461944
0.461667
0.461389
0.461111
0.460833
0.460556
0.460278
0.460000
0.459722
0.459444
0.459167
0.458889
0.458611
0.458333
0.458056
0.457778
0.457500
0.457222
0.456944
0.456667
0.456389
0.456111
0.455833
0.455556
0.455278
0.455000
0.454722
0.454444
0.454167
0.453889
0.453611
0.453333
0.453056
0.452778
0.452500
0.452222
0.451944
0.451667
0.451389
0.451111
0.450833
0.450556
0.450278
0.450000
0.449722
0.449444
0.449167
0.448889
0.448611
0.448333
0.448056
0.447778
0.447500
0.447222
0.446944
0.446667
0.446389
0.446111
0.445833
0.445556
0.445278
0.445000
0.444722
0.444444
0.444167
0.443889
0.443611
0.443333
0.443056
0.442778
0.442500
0.442222
0.441944
0.441667
0.441389
0.441111
0.440833
0.440556
0.440278
0.440000
0.439722
0.439444
0.439167
0.438889
0.438611
0.438333
0.438056
0.437778
0.437500
0.437222
0.436944
0.436667
0.436389
0.436111
0.435833
0.435556
0.435278
0.435000
0.434722
0.434444
0.434167
0.433889
0.433611
0.433333
0.433056
0.432778
0.432500
0.432222
0.431944
0.431667
0.431389
0.431111
0.430833
0.430556
0.430278
0.430000
0.429722
0.429444
0.429167
0.428889
0.428611
0.428333
0.428056
0.427778
0.427500
0.427222
0.426944
0.426667
0.426389
0.426111
0.425833
0.425556
0.425278
0.425000
0.424722
0.424444
0.424167
0.423889
0.423611
0.423333
0.423056
0.422778
0.422500
0.422222
0.421944
0.421667
0.421389
0.421111
0.420833
0.420556
0.420278
0.420000
0.419722
0.419444
0.419167
0.418889
0.418611
0.418333
0.418056
0.417778
0.417500
0.417222
0.416944
0.416667
0.416389
0.416111
0.415833
0.415556
0.415278
0.415000
0.414722
0.414444
0.414167
0.413889
0.413611
0.413333
0.413056
0.412778
0.412500
0.412222
0.411944
0.411667
0.411389
0.411111
0.410833
0.410556
0.410278
0.410000
0.409722
0.409444
0.409167
0.408889
0.408611
0.408333
0.408056
0.407778
0.407500
0.407222
0.406944
0.406667
0.406389
0.406111
0.405833
0.405556
0.405278
0.405000
0.404722
0.404444
0.404167
0.403889
0.403611
0.403333
0.403056
0.402778
0.402500
0.402222
0.401944
0.401667
0.401389
0.401111
0.400833
0.400556
0.400278
0.400000
0.399722
0.399444
0.399167
0.398889
0.398611
0.398333
0.398056
0.397778
0.397500
0.397222
0.396944
0.396667
0.396389
0.396111
0.395833
0.395556
0.395278
0.395000
0.394722
0.394444
0.394167
0.393889
0.393611
0.393333
0.393056
0.392778
0.392500
0.392222
0.391944
0.391667
0.391389
0.391111
0.390833
0.390556
0.390278
0.390000
0.389722
0.389444
0.389167
0.388889
0.388611
0.388333
0.388056
0.387778
0.387500
0.387222
0.386944
0.386667
0.386389
0.386111
0.385833
0.385556
0.385278
0.385000
0.384722
0.384444
0.384167
0.383889
0.383611
0.383333
0.383056
0.382778
0.382500
0.382222
0.381944
0.381667
0.381389
0.381111
0.380833
0.380556
0.380278
0.380000
0.379722
0.379444
0.379167
0.378889
0.378611
0.378333
0.378056
0.377778
0.377500
0.377222
0.376944
0.376667
0.376389
0.376111
0.375833
0.375556
0.375278
0.375000
0.374722
0.374444
0.374167
0.373889
0.373611
0.373333
0.373056
0.372778
0.372500
0.372222
0.371944
0.371667
0.371389
0.371111
0.370833
0.370556
0.370278
0.370000
0.369722
0.369444
0.369167
0.368889
0.368611
0.368333
0.368056
0.367778
0.367500
0.367222
0.366944
0.366667
0.366389
0.366111
0.365833
0.365556
0.365278
0.365000
0.364722
0.364444
0.364167
0.363889
0.363611
0.363333
0.363056
0.362778
0.362500
0.362222
0.361944
0.361667
0.361389
0.361111
0.360833
0.360556
0.360278
0.360000
0.359722
0.359444
0.359167
0.358889
0.358611
0.358333
0.358056
0.357778
0.357500
0.357222
0.356944
0.356667
0.356389
0.356111
0.355833
0.355556
0.355278
0.355000
0.354722
0.354444
0.354167
0.353889
0.353611
0.353333
0.353056
0.352778
0.352500
0.352222
0.351944
0.351667
0.351389
0.351111
0.350833
0.350556
0.350278
0.350000
0.349722
0.349444
0.349167
0.348889
0.348611
0.348333
0.348056
0.347778
0.347500
0.347222
0.346944
0.346667
0.346389
0.346111
0.345833
0.345556
0.345278
0.345000
0.344722
0.344444
0.344167
0.343889
0.343611
0.343333
0.343056
0.342778
0.342500
0.342222
0.341944
0.341667
0.341389
0.341111
0.340833
0.340556
0.340278
0.340000
0.339722
0.339444
0.339167
0.338889
0.338611
0.338333
0.338056
0.337778
0.337500
0.337222
0.336944
0.336667
0.336389
0.336111
0.335833
0.335556
0.335278
0.335000
0.334722
0.334444
0.334167
0.333889
0.333611
0.333333
0.333056
0.332778
0.332500
0.332222
0.331944
0.331667
0.331389
0.331111
0.330833
0.330556
0.330278
0.330000
0.329722
0.329444
0.329167
0.328889
0.328611
0.328333
0.328056
0.327778
0.327500
0.327222
0.326944
0.326667
0.326389
0.326111
0.325833
0.325556
0.325278
0.325000
0.324722
0.324444
0.324167
0.323889
0.323611
0.323333
0.323056
0.322778
0.322500
0.322222
0.321944
0.321667
0.321389
0.321111
0.320833
0.320556
0.320278
0.320000
0.319722
0.319444
0.319167
0.318889
0.318611
0.318333
0.318056
0.317778
0.317500
0.317222
0.316944
0.316667
0.316389
0.316111
0.315833
0.315556
0.315278
0.315000
0.314722
0.314444
0.314167
0.313889
0.313611
0.313333
0.313056
0.312778
0.312500
0.312222
0.311944
0.311667
0.311389
0.311111
0.310833
0.310556
0.310278
0.310000
0.309722
0.309444
0.309167
0.308889
0.308611
0.308333
0.308056
0.307778
0.307500
0.307222
0.306944
0.306667
0.306389
0.306111
0.305833
0.305556
0.305278
0.305000
0.304722
0.304444
0.304167
0.303889
0.303611
0.303333
0.303056
0.302778
0.302500
0.302222
0.301944
0.301667
0.301389
0.301111
0.300833
0.300556
0.300278
0.300000
0.299722
0.299444
0.299167
0.298889
0.298611
0.298333
0.298056
0.297778
0.297500
0.297222
0.296944
0.296667
0.296389
0.296111
0.295833
0.295556
0.295278
0.295000
0.294722
0.294444
0.294167
0.293889
0.293611
0.293333
0.293056
0.292778
0.292500
0.292222
0.291944
0.291667
0.291389
0.291111
0.290833
0.290556
0.290278
0.290000
0.289722
0.289444
0.289167
0.288889
0.288611
0.288333
0.288056
0.287778
0.287500
0.287222
0.286944
0.286667
0.286389
0.286111
0.285833
0.285556
0.285278
0.285000
0.284722
0.284444
0.284167
0.283889
0.283611
0.283333
0.283056
0.282778
0.282500
0.282222
0.281944
0.281667
0.281389
0.281111
0.280833
0.280556
0.280278
0.280000
0.279722
0.279444
0.279167
0.278889
0.278611
0.278333
0.278056
0.277778
0.277500
0.277222
0.276944
0.276667
0.276389
0.276111
0.275833
0.275556
0.275278
0.275000
0.274722
0.274444
0.274167
0.273889
0.273611
0.273333
0.273056
0.272778
0.272500
0.272222
0.271944
0.271667
0.271389
0.271111
0.270833
0.270556
0.270278
0.270000
0.269722
0.269444
0.269167
0.268889
0.268611
0.268333
0.268056
0.267778
0.267500
0.267222
0.266944
0.266667
0.266389
0.266111
0.265833
0.265556
0.265278
0.265000
0.264722
0.264444
0.264167
0.263889
0.263611
0.263333
0.263056
0.262778
0.262500
0.262222
0.261944
0.261667
0.261389
0.261111
0.260833
0.260556
0.260278
0.260000
0.259722
0.259444
0.259167
0.258889
0.258611
0.258333
0.258056
0.257778
0.257500
0.257222
0.256944
0.256667
0.256389
0.256111
0.255833
0.255556
0.255278
0.255000
0.254722
0.254444
0.254167
0.253889
0.253611
0.253333
0.253056
0.252778
0.252500
0.252222
0.251944
0.251667
0.251389
0.251111
0.250833
0.250556
0.250278
0.250000
0.249722
0.249444
0.249167
0.248889
0.248611
0.248333
0.248056
0.247778
0.247500
0.247222
0.246944
0.246667
0.246389
0.246111
0.245833
0.245556
0.245278
0.245000
0.244722
0.244444
0.244167
0.243889
0.243611
0.243333
0.243056
0.242778
0.242500
0.242222
0.241944
0.241667
0.241389
0.241111
0.240833
0.240556
0.240278
0.240000
0.239722
0.239444
0.239167
0.238889
0.238611
0.238333
0.238056
0.237778
0.237500
0.237222
0.236944
0.236667
0.236389
0.236111
0.235833
0.235556
0.235278
0.235000
0.234722
0.234444
0.234167
0.233889
0.233611
0.233333
0.233056
0.232778
0.232500
0.232222
0.231944
0.231667
0.231389
0.231111
0.230833
0.230556
0.230278
0.230000
0.229722
0.229444
0.229167
0.228889
0.228611
0.228333
0.228056
0.227778
0.227500
0.227222
0.226944
0.226667
0.226389
0.226111
0.225833
0.225556
0.225278
0.225000
0.224722
0.224444
0.224167
0.223889
0.223611
0.223333
0.223056
0.222778
0.222500
0.222222
0.221944
0.221667
0.221389
0.221111
0.220833
0.220556
0.220278
0.220000
0.219722
0.219444
0.219167
0.218889
0.218611
0.218333
0.218056
0.217778
0.217500
0.217222
0.216944
0.216667
0.216389
0.216111
0.215833
0.215556
0.215278
0.215000
0.214722
0.214444
0.214167
0.213889
0.213611
0.213333
0.213056
0.212778
0.212500
0.212222
0.211944
0.211667
0.211389
0.211111
0.210833
0.210556
0.210278
0.210000
0.209722
0.209444
0.209167
0.208889
0.208611
0.208333
0.208056
0.207778
0.207500
0.207222
0.206944
0.206667
0.206389
0.206111
0.205833
0.205556
0.205278
0.205000
0.204722
0.204444
0.204167
0.203889
0.203611
0.203333
0.203056
0.202778
0.202500
0.202222
0.201944
0.201667
0.201389
0.201111
0.200833
0.200556
0.200278
0.200000
0.199722
0.199444
0.199167
0.198889
0.198611
0.198333
0.198056
0.197778
0.197500
0.197222
0.196944
0.196667
0.196389
0.196111
0.195833
0.195556
0.195278
0.195000
0.194722
0.194444
0.194167
0.193889
0.193611
0.193333
0.193056
0.192778
0.192500
0.192222
0.191944
0.191667
0.191389
0.191111
0.190833
0.190556
0.190278
0.190000
0.189722
0.189444
0.189167
0.188889
0.188611
0.188333
0.188056
0.187778
0.187500
0.187222
0.186944
0.186667
0.186389
0.186111
0.185833
0.185556
0.185278
0.185000
0.184722
0.184444
0.184167
0.183889
0.183611
0.183333
0.183056
0.182778
0.182500
0.182222
0.181944
0.181667
0.181389
0.181111
0.180833
0.180556
0.180278
0.180000
0.179722
0.179444
0.179167
0.178889
0.178611
0.178333
0.178056
0.177778
0.177500
0.177222
0.176944
0.176667
0.176389
0.176111
0.175833
0.175556
0.175278
0.175000
0.174722
0.174444
0.174167
0.173889
0.173611
0.173333
0.173056
0.172778
0.172500
0.172222
0.171944
0.171667
0.171389
0.171111
0.170833
0.170556
0.170278
0.170000
0.169722
0.169444
0.169167
0.168889
0.168611
0.168333
0.168056
0.167778
0.167500
0.167222
0.166944
0.166667
0.166389
0.166111
0.165833
0.165556
0.165278
0.165000
0.164722
0.164444
0.164167
0.163889
0.163611
0.163333
0.163056
0.162778
0.162500
0.162222
0.161944
0.161667
0.161389
0.161111
0.160833
0.160556
0.160278
0.160000
0.159722
0.159444
0.159167
0.158889
0.158611
0.158333
0.158056
0.157778
0.157500
0.157222
0.156944
0.156667
0.156389
0.156111
0.155833
0.155556
0.155278
0.155000
0.154722
0.154444
0.154167
0.153889
0.153611
0.153333
0.153056
0.152778
0.152500
0.152222
0.151944
0.151667
0.151389
0.151111
0.150833
0.150556
0.150278
0.150000
0.149722
0.149444
0.149167
0.148889
0.148611
0.148333
0.148056
0.147778
0.147500
0.147222
0.146944
0.146667
0.146389
0.146111
0.145833
0.145556
0.145278
0.145000
0.144722
0.144444
0.144167
0.143889
0.143611
0.143333
0.143056
0.142778
0.142500
0.142222
0.141944
0.141667
0.141389
0.141111
0.140833
0.140556
0.140278
0.140000
0.139722
0.139444
0.139167
0.138889
0.138611
0.138333
0.138056
0.137778
0.137500
0.137222
0.136944
0.136667
0.136389
0.136111
0.135833
0.135556
0.135278
0.135000
0.134722
0.134444
0.134167
0.133889
0.133611
0.133333
0.133056
0.132778
0.132500
0.132222
0.131944
0.131667
0.131389
0.131111
0.130833
0.130556
0.130278
0.130000
0.129722
0.129444
0.129167
0.128889
0.128611
0.128333
0.128056
0.127778
0.127500
0.127222
0.126944
0.126667
0.126389
0.126111
0.125833
0.125556
0.125278
0.125000
0.124722
0.124444
0.124167
0.123889
0.123611
0.123333
0.123056
0.122778
0.122500
0.122222
0.121944
0.121667
0.121389
0.121111
0.120833
0.120556
0.120278
0.120000
0.119722
0.119444
0.119167
0.118889
0.118611
0.118333
0.118056
0.117778
0.117500
0.117222
0.116944
0.116667
0.116389
0.116111
0.115833
0.115556
0.115278
0.115000
0.114722
0.114444
0.114167
0.113889
0.113611
0.113333
0.113056
0.112778
0.112500
0.112222
0.111944
0.111667
0.111389
0.111111
0.110833
0.110556
0.110278
0.110000
0.109722
0.109444
0.109167
0.108889
0.108611
0.108333
0.108056
0.107778
0.107500
0.107222
0.106944
0.106667
0.106389
0.106111
0.105833
0.105556
0.105278
0.105000
0.104722
0.104444
0.104167
0.103889
0.103611
0.103333
0.103056
0.102778
0.102500
0.102222
0.101944
0.101667
0.101389
0.101111
0.100833
0.100556
0.100278
0.100000
0.099722
0.099444
0.099167
0.098889
0.098611
0.098333
0.098056
0.097778
0.097500
0.097222
0.096944
0.096667
0.096389
0.096111
0.095833
0.095556
0.095278
0.095000
0.094722
0.094444
0.094167
0.093889
0.093611
0.093333
0.093056
0.092778
0.092500
0.092222
0.091944
0.091667
0.091389
0.091111
0.090833
0.090556
0.090278
0.090000
0.089722
0.089444
0.089167
0.088889
0.088611
0.088333
0.088056
0.087778
0.087500
0.087222
0.086944
0.086667
0.086389
0.086111
0.085833
0.085556
0.085278
0.085000
0.084722
0.084444
0.084167
0.083889
0.083611
0.083333
0.083056
0.082778
0.082500
0.082222
0.081944
0.081667
0.081389
0.081111
0.080833
0.080556
0.080278
0.080000
0.079722
0.079444
0.079167
0.078889
0.078611
0.078333
0.078056
0.077778
0.077500
0.077222
0.076944
0.076667
0.076389
0.076111
0.075833
0.075556
0.075278
0.075000
0.074722
0.074444
0.074167
0.073889
0.073611
0.073333
0.073056
0.072778
0.072500
0.072222
0.071944
0.071667
0.071389
0.071111
0.070833
0.070556
0.070278
0.070000
0.069722
0.069444
0.069167
0.068889
0.068611
0.068333
0.068056
0.067778
0.067500
0.067222
0.066944
0.066667
0.066389
0.066111
0.065833
0.065556
0.065278
0.065000
0.064722
0.064444
0.064167
0.063889
0.063611
0.063333
0.063056
0.062778
0.062500
0.062222
0.061944
0.061667
0.061389
0.061111
0.060833
0.060556
0.060278
0.060000
0.059722
0.059444
0.059167
0.058889
0.058611
0.058333
0.058056
0.057778
0.057500
0.057222
0.056944
0.056667
0.056389
0.056111
0.055833
0.055556
0.055278
0.055000
0.054722
0.054444
0.054167
0.053889
0.053611
0.053333
0.053056
0.052778
0.052500
0.052222
0.051944
0.051667
0.051389
0.051111
0.050833
0.050556
0.050278
0.050000
0.049722
0.049444
0.049167
0.048889
0.048611
0.048333
0.048056
0.047778
0.047500
0.047222
0.046944
0.046667
0.046389
0.046111
0.045833
0.045556
0.045278
0.045000
0.044722
0.044444
0.044167
0.043889
0.043611
0.043333
0.043056
0.042778
0.042500
0.042222
0.041944
0.041667
0.041389
0.041111
0.040833
0.040556
0.040278
0.040000
0.039722
0.039444
0.039167
0.038889
0.038611
0.038333
0.038056
0.037778
0.037500
0.037222
0.036944
0.036667
0.036389
0.036111
0.035833
0.035556
0.035278
0.035000
0.034722
0.034444
0.034167
0.033889
0.033611
0.033333
0.033056
0.032778
0.032500
0.032222
0.031944
0.031667
0.031389
0.031111
0.030833
0.030556
0.030278
0.030000
0.029722
0.029444
0.029167
0.028889
0.028611
0.028333
0.028056
0.027778
0.027500
0.027222
0.026944
0.026667
0.026389
0.026111
0.025833
0.025556
0.025278
0.025000
0.024722
0.024444
0.024167
0.023889
0.023611
0.023333
0.023056
0.022778
0.022500
0.022222
0.021944
0.021667
0.021389
0.021111
0.020833
0.020556
0.020278
0.020000
0.019722
0.019444
0.019167
0.018889
0.018611
0.018333
0.018056
0.017778
0.017500
0.017222
0.016944
0.016667
0.016389
0.016111
0.015833
0.015556
0.015278
0.015000
0.014722
0.014444
0.014167
0.013889
0.013611
0.013333
0.013056
0.012778
0.012500
0.012222
0.011944
0.011667
0.011389
0.011111
0.010833
0.010556
0.010278
0.010000
0.009722
0.009444
0.009167
0.008889
0.008611
0.008333
0.008056
0.007778
0.007500
0.007222
0.006944
0.006667
0.006389
0.006111
0.005833
0.005556
0.005278
0.005000
0.004722
0.004444
0.004167
0.003889
0.003611
0.003333
0.003056
0.002778
0.002500
0.002222
0.001944
0.001667
0.001389
0.001111
0.000833
0.000556
0.000278
