0.827428571
0.853771429
0.867285714
0.978142857
0.960342857
1.0266
0.9504
0.918314286
0.955857143
1.036714286
1.157542857
1.095028571
1.002257143
0.983942857
1.0264
0.993028571
0.989742857
0.970885714
0.848971429
0.864314286
0.857142857
0.942028571
0.995028571
0.923942857
0.965114286
1.098542857
1.061057143
1.022714286
0.988628571
0.932657143
0.983057143
0.960571429
0.981485714
0.953314286
1.018457143
1.002371429
1.019914286
0.884657143
0.895714286
0.868428571
0.838314286
0.876514286
0.794857143
0.768314286
0.697657143
0.748142857
0.807942857
0.771657143
0.725257143
0.683657143
1.018171429
1.021171429
1.011314286
0.934628571
0.939
0.976914286
1.063771429
1.009742857
1.041628571
1.091971429