0.753257143
0.763142857
0.761485714
0.766971429
0.774628571
0.780742857
0.7884
0.793485714
0.798685714
0.791257143
0.787371429
0.791371429
0.794514286
0.798742857
0.799942857
0.793142857
0.797028571
0.794457143
0.793885714
0.793485714
0.783485714
0.773371429
0.77
0.767485714
0.7608
0.760114286
0.761885714
0.767485714
0.7812
0.792114286
0.805771429
0.810171429
0.842857143
0.870057143
0.887657143
0.922857143
0.937314286
0.962342857
0.983085714
1.009542857
1.024342857
1.052742857
1.079085714
1.100742857
1.116971429
1.127828571
1.137714286
1.157028571
1.164457143
1.173142857
1.180457143
1.179028571
1.181657143
1.180228571
1.1752
1.172342857
1.179657143
1.173142857
1.174628571
1.174628571